6000.0 6000.0 6000.0 6000.0 6000.0 6000.0 6000.0 6000.0 6000.0 6000.0 6000.0 6000.0 6000.0 6000.0 6000.0 6000.0 6000.0 6000.0 6000.0 6000.0 6000.0 6000.0 6000.0 6000.0 6000.0 6000.0 6000.0 6000.0 6000.0 6000.0 6000.0 6000.0 6000.0 6000.0 6000.0 6000.0 6000.0 6000.0 6000.0 6000.0 6000.0 6000.0 6000.0 6000.0 6000.0 6000.0 6000.0 6000.0 6000.0 6000.0 6000.0 
6000.0 6000.0 6000.0 6000.0 6000.0 6000.0 6000.0 6000.0 6000.0 6000.0 6000.0 6000.0 6000.0 6000.0 6000.0 6000.0 5999.9999 5999.9995 5999.9977 5999.9892 5999.9485 5999.7489 5998.7412 5993.4632 5964.5511 5797.7984 5964.5511 5993.4632 5998.7412 5999.7489 5999.9485 5999.9892 5999.9977 5999.9995 5999.9999 6000.0 6000.0 6000.0 6000.0 6000.0 6000.0 6000.0 6000.0 6000.0 6000.0 6000.0 6000.0 6000.0 6000.0 6000.0 6000.0 
6000.0 6000.0 6000.0 6000.0 6000.0 6000.0 6000.0 6000.0 6000.0 6000.0 6000.0 6000.0 6000.0 6000.0 6000.0 5999.9998 5999.9993 5999.9969 5999.987 5999.9457 5999.7729 5999.0488 5996.0038 5983.1316 5928.4762 5697.0637 5928.4762 5983.1316 5996.0038 5999.0488 5999.7729 5999.9457 5999.987 5999.9969 5999.9993 5999.9998 6000.0 6000.0 6000.0 6000.0 6000.0 6000.0 6000.0 6000.0 6000.0 6000.0 6000.0 6000.0 6000.0 6000.0 6000.0 
6000.0 6000.0 6000.0 6000.0 6000.0 6000.0 6000.0 6000.0 6000.0 6000.0 6000.0 6000.0 6000.0 6000.0 5999.9998 5999.9993 5999.9971 5999.989 5999.9582 5999.8422 5999.4108 5997.8252 5992.0702 5971.4357 5898.1972 5639.3673 5898.1972 5971.4357 5992.0702 5997.8252 5999.4108 5999.8422 5999.9582 5999.989 5999.9971 5999.9993 5999.9998 6000.0 6000.0 6000.0 6000.0 6000.0 6000.0 6000.0 6000.0 6000.0 6000.0 6000.0 6000.0 6000.0 6000.0 
6000.0 6000.0 6000.0 6000.0 6000.0 6000.0 6000.0 6000.0 6000.0 6000.0 6000.0 6000.0 6000.0 5999.9998 5999.9994 5999.9978 5999.992 5999.9714 5999.8995 5999.6531 5998.8243 5996.0967 5987.3223 5959.6753 5873.5658 5601.8692 5873.5658 5959.6753 5987.3223 5996.0967 5998.8243 5999.6531 5999.8995 5999.9714 5999.992 5999.9978 5999.9994 5999.9998 6000.0 6000.0 6000.0 6000.0 6000.0 6000.0 6000.0 6000.0 6000.0 6000.0 6000.0 6000.0 6000.0 
6000.0 6000.0 6000.0 6000.0 6000.0 6000.0 6000.0 6000.0 6000.0 6000.0 6000.0 6000.0 5999.9999 5999.9995 5999.9984 5999.9945 5999.9815 5999.9384 5999.7991 5999.3583 5998.0002 5993.9318 5982.0894 5948.4285 5853.3377 5574.9207 5853.3377 5948.4285 5982.0894 5993.9318 5998.0002 5999.3583 5999.7991 5999.9384 5999.9815 5999.9945 5999.9984 5999.9995 5999.9999 6000.0 6000.0 6000.0 6000.0 6000.0 6000.0 6000.0 6000.0 6000.0 6000.0 6000.0 6000.0 
6000.0 6000.0 6000.0 6000.0 6000.0 6000.0 6000.0 6000.0 6000.0 6000.0 6000.0 5999.9999 5999.9997 5999.9989 5999.9964 5999.9884 5999.963 5999.8843 5999.6461 5998.9453 5996.9448 5991.4166 5976.6165 5937.9058 5836.3924 5554.0826 5836.3924 5937.9058 5976.6165 5991.4166 5996.9448 5998.9453 5999.6461 5999.8843 5999.963 5999.9884 5999.9964 5999.9989 5999.9997 5999.9999 6000.0 6000.0 6000.0 6000.0 6000.0 6000.0 6000.0 6000.0 6000.0 6000.0 6000.0 
6000.0 6000.0 6000.0 6000.0 6000.0 6000.0 6000.0 6000.0 6000.0 6000.0 5999.9999 5999.9998 5999.9993 5999.9977 5999.9929 5999.978 5999.9334 5999.803 5999.4321 5998.4088 5995.6773 5988.6367 5971.0721 5928.1467 5821.9029 5537.1225 5821.9029 5928.1467 5971.0721 5988.6367 5995.6773 5998.4088 5999.4321 5999.803 5999.9334 5999.978 5999.9929 5999.9977 5999.9993 5999.9998 5999.9999 6000.0 6000.0 6000.0 6000.0 6000.0 6000.0 6000.0 6000.0 6000.0 6000.0 
6000.0 6000.0 6000.0 6000.0 6000.0 6000.0 6000.0 6000.0 6000.0 6000.0 5999.9999 5999.9995 5999.9986 5999.9957 5999.987 5999.9616 5999.8895 5999.6895 5999.1514 5997.7495 5994.2233 5985.6679 5965.5664 5919.1176 5809.2864 5522.8155 5809.2864 5919.1176 5965.5664 5985.6679 5994.2233 5997.7495 5999.1514 5999.6895 5999.8895 5999.9616 5999.987 5999.9957 5999.9986 5999.9995 5999.9999 6000.0 6000.0 6000.0 6000.0 6000.0 6000.0 6000.0 6000.0 6000.0 6000.0 
6000.0 6000.0 6000.0 6000.0 6000.0 6000.0 6000.0 6000.0 6000.0 5999.9999 5999.9997 5999.9991 5999.9974 5999.9923 5999.9779 5999.9376 5999.8283 5999.5396 5998.8007 5996.9728 5992.6112 5982.5733 5960.1681 5910.7571 5798.1314 5510.4338 5798.1314 5910.7571 5960.1681 5982.5733 5992.6112 5996.9728 5998.8007 5999.5396 5999.8283 5999.9376 5999.9779 5999.9923 5999.9974 5999.9991 5999.9997 5999.9999 6000.0 6000.0 6000.0 6000.0 6000.0 6000.0 6000.0 6000.0 6000.0 
6000.0 6000.0 6000.0 6000.0 6000.0 6000.0 6000.0 6000.0 5999.9999 5999.9998 5999.9995 5999.9984 5999.9955 5999.9872 5999.9646 5999.9041 5999.7469 5999.3498 5998.3791 5996.0872 5990.8689 5979.4031 5954.9175 5902.9975 5788.1426 5499.5138 5788.1426 5902.9975 5954.9175 5979.4031 5990.8689 5996.0872 5998.3791 5999.3498 5999.7469 5999.9041 5999.9646 5999.9872 5999.9955 5999.9984 5999.9995 5999.9998 5999.9999 6000.0 6000.0 6000.0 6000.0 6000.0 6000.0 6000.0 6000.0 
6000.0 6000.0 6000.0 6000.0 6000.0 6000.0 6000.0 6000.0 5999.9999 5999.9997 5999.9991 5999.9973 5999.9926 5999.9798 5999.946 5999.8594 5999.6428 5999.1181 5997.8879 5995.1028 5989.0221 5976.1965 5949.8363 5895.7733 5779.1034 5489.7426 5779.1034 5895.7733 5949.8363 5976.1965 5989.0221 5995.1028 5997.8879 5999.1181 5999.6428 5999.8594 5999.946 5999.9798 5999.9926 5999.9973 5999.9991 5999.9997 5999.9999 6000.0 6000.0 6000.0 6000.0 6000.0 6000.0 6000.0 6000.0 
6000.0 6000.0 6000.0 6000.0 6000.0 6000.0 6000.0 5999.9999 5999.9998 5999.9994 5999.9984 5999.9957 5999.9884 5999.9694 5999.9212 5999.8017 5999.5142 5998.8434 5997.3295 5994.0305 5987.0939 5972.983 5944.9339 5889.0253 5770.8512 5480.8991 5770.8512 5889.0253 5944.9339 5972.983 5987.0939 5994.0305 5997.3295 5998.8434 5999.5142 5999.8017 5999.9212 5999.9694 5999.9884 5999.9957 5999.9984 5999.9994 5999.9998 5999.9999 6000.0 6000.0 6000.0 6000.0 6000.0 6000.0 6000.0 
6000.0 6000.0 6000.0 6000.0 6000.0 6000.0 6000.0 5999.9999 5999.9997 5999.9991 5999.9975 5999.9933 5999.9826 5999.9555 5999.889 5999.7298 5999.3595 5998.5254 5996.7075 5992.8815 5985.1044 5969.7846 5940.2121 5882.701 5763.261 5472.8212 5763.261 5882.701 5940.2121 5969.7846 5985.1044 5992.8815 5996.7075 5998.5254 5999.3595 5999.7298 5999.889 5999.9555 5999.9826 5999.9933 5999.9975 5999.9991 5999.9997 5999.9999 6000.0 6000.0 6000.0 6000.0 6000.0 6000.0 6000.0 
