6000.0000 6000.0000 6000.0000 6000.0000 6000.0000 
6000.0000 6000.0000 6000.0000 5999.9969 6000.0000 
6000.0000 6000.0000 6000.0000 5999.9938 6000.0000 
6000.0000 6000.0000 6000.0000 5999.9907 6000.0000 
6000.0000 6000.0000 6000.0000 5999.9876 6000.0000 
6000.0000 6000.0000 6000.0000 5999.9845 6000.0000 
6000.0000 6000.0000 6000.0000 5999.9814 6000.0000 
6000.0000 6000.0000 6000.0000 5999.9783 6000.0000 
6000.0000 6000.0000 6000.0000 5999.9752 6000.0000 
6000.0000 6000.0000 6000.0000 5999.9721 6000.0000 
6000.0000 6000.0000 6000.0000 5999.9691 6000.0000 
6000.0000 6000.0000 6000.0000 5999.9660 6000.0000 
6000.0000 6000.0000 6000.0000 5999.9629 6000.0000 
6000.0000 6000.0000 6000.0000 5999.9598 6000.0000 
6000.0000 6000.0000 6000.0000 5999.9567 6000.0000 
6000.0000 6000.0000 6000.0000 5999.9536 6000.0000 
6000.0000 6000.0000 6000.0000 5999.9505 6000.0000 
6000.0000 6000.0000 6000.0000 5999.9474 6000.0000 
6000.0000 6000.0000 6000.0000 5999.9443 6000.0000 
6000.0000 6000.0000 6000.0000 5999.9412 6000.0000 
6000.0000 6000.0000 6000.0000 5999.9381 6000.0000 
6000.0000 6000.0000 6000.0000 5999.9350 6000.0000 
6000.0000 6000.0000 6000.0000 5999.9319 6000.0000 
6000.0000 6000.0000 6000.0000 5999.9288 6000.0000 
6000.0000 6000.0000 6000.0000 5999.9257 6000.0000 
6000.0000 6000.0000 6000.0000 5999.9226 6000.0000 
6000.0000 6000.0000 6000.0000 5999.9195 6000.0000 
6000.0000 6000.0000 6000.0000 5999.9164 6000.0000 
6000.0000 6000.0000 6000.0000 5999.9134 6000.0000 
6000.0000 6000.0000 6000.0000 5999.9103 6000.0000 
6000.0000 6000.0000 6000.0000 5999.9072 6000.0000 
