6000.0000 6000.0000 6000.0000 6000.0000 6000.0000 6000.0000 6000.0000 6000.0000 6000.0000 6000.0000 6000.0000 6000.0000 6000.0000 6000.0000 6000.0000 6000.0000 6000.0000 6000.0000 6000.0000 6000.0000 6000.0000 6000.0000 6000.0000 6000.0000 6000.0000 6000.0000 6000.0000 6000.0000 6000.0000 6000.0000 
5999.7999 5998.8199 5991.8997 5939.8832 5990.7541 5999.8943 5999.5211 5997.7301 5991.6914 5997.2730 5999.7999 5998.8200 5991.9190 5944.1710 5990.7735 5999.8943 5999.5211 5997.7303 5991.7107 5997.2732 5999.7999 5998.8200 5991.9342 5946.2711 5990.7888 5999.8943 5999.5211 5997.7304 5991.7259 5997.2734 
5999.2285 5996.3947 5980.9582 5901.3009 5977.5141 5999.5344 5998.2481 5993.1822 5980.1806 5991.5429 5999.2285 5996.3948 5980.9783 5905.6740 5977.5344 5999.5344 5998.2481 5993.1824 5980.2007 5991.5431 5999.2285 5996.3949 5980.9943 5907.8414 5977.5505 5999.5344 5998.2481 5993.1826 5980.2167 5991.5433 
5998.1826 5992.9510 5969.3335 5873.1013 5962.7303 5998.7865 5996.0810 5986.9166 5967.5746 5983.3333 5998.1826 5992.9511 5969.3536 5877.4763 5962.7506 5998.7865 5996.0810 5986.9168 5967.5948 5983.3335 5998.1826 5992.9512 5969.3697 5879.6454 5962.7667 5998.7865 5996.0810 5986.9170 5967.6108 5983.3337 
5996.6147 5988.7352 5957.8605 5850.9792 5947.5470 5997.5567 5993.0573 5979.5010 5954.7356 5973.3178 5996.6147 5988.7353 5957.8806 5855.3542 5947.5673 5997.5567 5993.0573 5979.5012 5954.7557 5973.3181 5996.6147 5988.7354 5957.8966 5857.5234 5947.5834 5997.5567 5993.0573 5979.5014 5954.7718 5973.3182 
5994.5145 5983.9415 5946.8021 5832.5619 5932.4766 5995.7944 5989.2769 5971.3675 5941.9967 5962.0917 5994.5145 5983.9416 5946.8222 5836.9368 5932.4969 5995.7944 5989.2769 5971.3677 5942.0168 5962.0919 5994.5145 5983.9417 5946.8383 5839.1060 5932.5130 5995.7944 5989.2769 5971.3679 5942.0328 5962.0921 
5991.8937 5978.7069 5936.1894 5816.4850 5917.7314 5993.4846 5984.8552 5962.8090 5929.4743 5950.1161 5991.8937 5978.7070 5936.2095 5820.8599 5917.7517 5993.4846 5984.8552 5962.8092 5929.4945 5950.1164 5991.8937 5978.7071 5936.2256 5823.0291 5917.7678 5993.4846 5984.8552 5962.8094 5929.5105 5950.1166 
5988.7767 5973.1238 5925.9697 5801.9425 5903.3843 5990.6373 5979.8999 5954.0117 5917.1995 5937.7249 5988.7767 5973.1239 5925.9898 5806.3174 5903.4045 5990.6373 5979.8999 5954.0119 5917.2196 5937.7251 5988.7767 5973.1240 5926.0059 5808.4866 5903.4207 5990.6373 5979.8999 5954.0121 5917.2357 5937.7253 
5985.1935 5967.2537 5916.0694 5788.4454 5889.4452 5987.2785 5974.5020 5945.0886 5905.1711 5925.1492 5985.1935 5967.2538 5916.0895 5792.8204 5889.4655 5987.2785 5974.5020 5945.0888 5905.1912 5925.1494 5985.1935 5967.2539 5916.1056 5794.9896 5889.4816 5987.2785 5974.5020 5945.0890 5905.2073 5925.1496 
5981.1767 5961.1379 5906.4180 5775.6892 5875.8979 5983.4425 5968.7351 5936.1060 5893.3773 5912.5440 5981.1767 5961.1380 5906.4382 5780.0642 5875.9181 5983.4425 5968.7351 5936.1062 5893.3975 5912.5443 5981.1767 5961.1381 5906.4542 5782.2334 5875.9343 5983.4425 5968.7351 5936.1064 5893.4135 5912.5444 
5976.7593 5954.8054 5896.9564 5763.4789 5862.7163 5979.1670 5962.6567 5927.1011 5881.8034 5900.0097 5976.7593 5954.8055 5896.9765 5767.8539 5862.7365 5979.1670 5962.6567 5927.1013 5881.8236 5900.0099 5976.7593 5954.8056 5896.9926 5770.0230 5862.7527 5979.1670 5962.6567 5927.1015 5881.8396 5900.0101 
5971.9729 5948.2773 5887.6373 5751.6861 5849.8723 5974.4899 5956.3122 5918.0939 5870.4344 5887.6085 5971.9729 5948.2774 5887.6575 5756.0611 5849.8925 5974.4899 5956.3122 5918.0941 5870.4545 5887.6087 5971.9729 5948.2775 5887.6735 5758.2302 5849.9087 5974.4899 5956.3122 5918.0943 5870.4706 5887.6089 
5966.8478 5941.5703 5878.4247 5740.2239 5837.3387 5969.4476 5949.7366 5909.0942 5859.2558 5875.3770 5966.8478 5941.5704 5878.4448 5744.5988 5837.3589 5969.4476 5949.7366 5909.0944 5859.2760 5875.3772 5966.8478 5941.5705 5878.4608 5746.7680 5837.3750 5969.4476 5949.7366 5909.0946 5859.2920 5875.3774 
5961.4121 5934.6982 5869.2910 5729.0315 5825.0902 5964.0738 5942.9581 5900.1060 5848.2541 5863.3343 5961.4121 5934.6983 5869.3112 5733.4065 5825.1104 5964.0738 5942.9581 5900.1062 5848.2742 5863.3345 5961.4121 5934.6984 5869.3272 5735.5756 5825.1265 5964.0738 5942.9581 5900.1064 5848.2903 5863.3347 
5955.6918 5927.6729 5860.2160 5718.0652 5813.1038 5958.3994 5935.9992 5891.1305 5837.4163 5851.4878 5955.6918 5927.6730 5860.2362 5722.4402 5813.1240 5958.3994 5935.9992 5891.1307 5837.4364 5851.4880 5955.6918 5927.6731 5860.2522 5724.6093 5813.1402 5958.3994 5935.9992 5891.1309 5837.4525 5851.4882 
5949.7109 5920.5053 5851.1845 5707.2924 5801.3586 5952.4522 5928.8785 5882.1669 5826.7303 5839.8378 5949.7109 5920.5054 5851.2046 5711.6674 5801.3788 5952.4522 5928.8785 5882.1671 5826.7505 5839.8380 5949.7109 5920.5055 5851.2206 5713.8366 5801.3950 5952.4522 5928.8785 5882.1673 5826.7665 5839.8382 
5943.4914 5913.2053 5842.1851 5696.6882 5789.8356 5946.2572 5921.6116 5873.2141 5816.1848 5828.3795 5943.4914 5913.2054 5842.2052 5701.0631 5789.8559 5946.2572 5921.6116 5873.2143 5816.2050 5828.3797 5943.4914 5913.2055 5842.2212 5703.2323 5789.8720 5946.2572 5921.6116 5873.2145 5816.2210 5828.3799 
5937.0534 5905.7824 5833.2095 5686.2326 5778.5174 5939.8368 5914.2120 5864.2704 5805.7691 5817.1052 5937.0534 5905.7825 5833.2297 5690.6075 5778.5377 5939.8368 5914.2120 5864.2706 5805.7892 5817.1054 5937.0534 5905.7826 5833.2457 5692.7767 5778.5538 5939.8368 5914.2120 5864.2708 5805.8053 5817.1056 
5930.4151 5898.2454 5824.2517 5675.9095 5767.3882 5933.2113 5906.6912 5855.3344 5795.4730 5806.0058 5930.4151 5898.2455 5824.2719 5680.2845 5767.4084 5933.2113 5906.6912 5855.3346 5795.4932 5806.0060 5930.4151 5898.2456 5824.2879 5682.4536 5767.4245 5933.2113 5906.6912 5855.3348 5795.5092 5806.0062 
5923.5933 5890.6024 5815.3071 5665.7056 5756.4332 5926.3987 5899.0596 5846.4047 5785.2875 5795.0711 5923.5933 5890.6025 5815.3272 5670.0805 5756.4534 5926.3987 5899.0596 5846.4049 5785.3076 5795.0713 5923.5933 5890.6026 5815.3433 5672.2497 5756.4696 5926.3987 5899.0596 5846.4051 5785.3237 5795.0715 
5916.6032 5882.8613 5806.3723 5655.6093 5745.6390 5919.4151 5891.3264 5837.4801 5775.2037 5784.2907 5916.6032 5882.8614 5806.3924 5659.9843 5745.6592 5919.4151 5891.3264 5837.4803 5775.2238 5784.2909 5916.6032 5882.8615 5806.4085 5662.1535 5745.6754 5919.4151 5891.3264 5837.4805 5775.2399 5784.2911 
5909.4589 5875.0293 5797.4448 5645.6108 5734.9932 5912.2754 5883.5000 5828.5596 5765.2137 5773.6543 5909.4589 5875.0294 5797.4649 5649.9858 5735.0134 5912.2754 5883.5000 5828.5598 5765.2338 5773.6545 5909.4589 5875.0295 5797.4810 5652.1549 5735.0296 5912.2754 5883.5000 5828.5600 5765.2498 5773.6547 
5902.1728 5867.1133 5788.5227 5635.7014 5724.4842 5904.9926 5875.5878 5819.6423 5755.3100 5763.1517 5902.1728 5867.1134 5788.5429 5640.0763 5724.5045 5904.9926 5875.5878 5819.6425 5755.3301 5763.1520 5902.1728 5867.1135 5788.5589 5642.2455 5724.5206 5904.9926 5875.5878 5819.6427 5755.3462 5763.1521 
5894.7568 5859.1196 5779.6048 5625.8733 5714.1016 5897.5789 5867.5968 5810.7276 5745.4858 5752.7735 5894.7568 5859.1197 5779.6249 5630.2482 5714.1219 5897.5789 5867.5968 5810.7278 5745.5059 5752.7737 5894.7568 5859.1198 5779.6410 5632.4174 5714.1380 5897.5789 5867.5968 5810.7280 5745.5220 5752.7739 
5887.2214 5851.0542 5770.6899 5616.1196 5703.8354 5890.0451 5859.5333 5801.8149 5735.7347 5742.5102 5887.2214 5851.0543 5770.7101 5620.4945 5703.8557 5890.0451 5859.5333 5801.8151 5735.7549 5742.5105 5887.2214 5851.0544 5770.7261 5622.6637 5703.8718 5890.0451 5859.5333 5801.8153 5735.7709 5742.5107 
