6000.0000 6000.0000 6000.0000 6000.0000 6000.0000 
5999.0826 5995.0232 5968.9437 5805.4533 5964.1361 
5996.2887 5983.9269 5922.4684 5655.3763 5907.2175 
5990.9061 5967.0904 5868.7802 5532.9223 5838.2176 
5982.5107 5945.3647 5812.0915 5427.9941 5762.5946 
5970.9193 5919.6321 5754.4892 5334.4804 5683.6734 
5956.1220 5890.6503 5696.9462 5248.6383 5603.4764 
5938.2215 5859.0194 5639.8639 5168.1429 5523.2244 
5917.3860 5825.1975 5583.3612 5091.5241 5443.6422 
5893.8161 5789.5294 5527.4260 5017.8326 5365.1459 
5867.7236 5752.2751 5471.9923 4946.4388 5287.9589 
5839.3178 5713.6339 5416.9789 4876.9128 5212.1842 
5808.7982 5673.7616 5362.3068 4808.9504 5137.8496 
5776.3506 5632.7836 5307.9061 4742.3283 5064.9369 
5742.1458 5590.8038 5253.7186 4676.8766 4993.3995 
5706.3393 5547.9105 5199.6971 4612.4612 4923.1750 
5669.0722 5504.1809 5145.8040 4548.9727 4854.1923 
5630.4721 5459.6831 5092.0098 4486.3196 4786.3764 
5590.6546 5414.4785 5038.2915 4424.4234 4719.6518 
5549.7240 5368.6231 4984.6314 4363.2160 4653.9443 
5507.7749 5322.1679 4931.0157 4302.6369 4589.1822 
5464.8932 5275.1596 4877.4341 4242.6324 4525.2971 
5421.1568 5227.6415 4823.8785 4183.1542 4462.2244 
5376.6366 5179.6534 4770.3427 4124.1583 4399.9033 
5331.3972 5131.2319 4716.8220 4065.6053 4338.2768 
