6000.0000 6000.0000 6000.0000 6000.0000 6000.0000 
5999.0826 5995.0232 5968.9437 5805.4533 5964.1361 
5996.2893 5983.9301 5922.4857 5655.4046 5907.2356 
5990.9090 5967.1030 5868.8328 5533.0038 5838.2722 
5982.5189 5945.3945 5812.1946 5428.1457 5762.7000 
5970.9368 5919.6877 5754.6549 5334.7122 5683.8398 
5956.1539 5890.7401 5697.1837 5248.9565 5603.7107 
5938.2736 5859.1516 5640.1807 5168.5510 5523.5314 
5917.4644 5825.3797 5583.7632 5092.0246 5444.0251 
5893.9273 5789.7686 5527.9181 5018.4273 5365.6073 
5867.8740 5752.5778 5472.5787 4947.1292 5288.5007 
5839.5137 5714.0059 5417.6631 4877.7004 5212.8082 
5809.0457 5674.2083 5363.0919 4809.8366 5138.5575 
5776.6558 5633.3098 5308.7949 4743.3146 5065.7303 
5742.5142 5591.4140 5254.7136 4677.9645 4994.2801 
5706.7762 5548.6090 5200.8006 4613.6521 4924.1445 
5669.5827 5504.9713 5147.0179 4550.2681 4855.2524 
5631.0609 5460.5689 5093.3360 4487.7209 4787.5289 
5591.3260 5415.4631 5039.7317 4425.9322 4720.8985 
5550.4821 5369.7092 4986.1872 4364.8335 4655.2870 
5508.6235 5323.3582 4932.6885 4304.3645 4590.6227 
5465.8358 5276.4567 4879.2252 4244.4714 4526.8371 
5422.1966 5229.0476 4825.7890 4185.1058 4463.8657 
5377.7767 5181.1706 4772.3737 4126.2238 4401.6475 
5332.6403 5132.8621 4718.9745 4067.7857 4340.1256 
